Fatalities,Injuries,Distance,Population of Municipality,Country
0,0,2.12825,6523,United States
0,0,215.44888,0,Indonesia
0,0,178.23706,33430,Canada
0,0,166.44009,33430,Canada
0,0,151.72018,1258,United States
0,0,146.31062,33430,Canada
0,0,136.65541,33430,Canada
0,0,131.60974,0,Indonesia
3,0,127.97819,47735,Indonesia
0,0,127.1628,1547,Canada
5,0,124.84253,0,Indonesia
2,0,123.43371,0,Peru
0,0,120.43866,1713,United States
0,0,119.96639,4163,Canada
0,0,119.96639,4163,Canada
0,0,119.78675,4163,Canada
20,0,115.14342,90894,Myanmar (Burma)
0,0,111.31006,90894,Myanmar (Burma)
70,100,111.28858,90894,Myanmar
0,0,110.85653,1026,Canada
2,0,110.73707,27520,Myanmar (Burma)
0,0,106.2834,1187,New Zealand
0,0,104.35225,77366,Fiji
3,0,100.58319,0,Indonesia
0,0,98.40115,0,India
0,0,98.33608,0,India
0,0,96.83548,705,Vanuatu
0,0,96.70239,3322,Malaysia
0,0,95.0457,25000,India
11,0,93.5301,0,Indonesia
3,0,93.15652,0,Indonesia
20,0,86.89138,10815,Tajikistan
0,0,85.07166,3907,Canada
0,0,84.55444,14596,Fiji
0,0,83.92719,8360,Fiji
0,0,83.81164,1495,India
0,0,82.91571,1495,India
4,0,82.39467,0,China
0,0,82.22631,5985,Australia
0,0,80.51285,228212,Malaysia
0,0,80.43471,228212,Malaysia
0,0,80.32492,33430,Canada
0,0,79.77706,3907,Canada
0,0,78.0422,27949,Fiji
0,0,76.97209,2624,Iceland
0,0,76.30415,15771,Malaysia
0,0,74.22658,4428,New Zealand
2,0,73.65023,4428,New Zealand
0,0,72.6468,9520,United States
0,0,72.22765,0,China
0,0,72.06392,198239,Malaysia
0,0,72.0353,0,China
0,0,72.0353,0,China
0,0,71.98423,228212,Malaysia
0,0,71.4959,1347,United States
0,0,70.98718,126938,Myanmar (Burma)
24,0,70.89317,90894,Myanmar (Burma)
0,0,70.82902,9577,United States
0,0,70.56602,0,China
0,0,70.56602,0,China
0,0,70.25508,1347,United States
0,0,69.96192,1347,United States
0,0,69.96192,1347,United States
0,0,69.92219,37475,India
0,0,68.59272,1706,Canada
0,0,68.54951,4348,United States
7,0,68.34443,2100,Pakistan
0,0,67.58127,1270,United States
0,0,67.49967,7312,Canada
9,0,67.47257,47778,Indonesia
42,0,67.34588,351936,China
0,0,67.11064,401,United States
0,0,66.76148,14927,India
1,0,66.45854,0,Indonesia
0,0,66.13596,2564,Australia
0,0,66.07162,9520,United States
0,0,65.92069,5571,Canada
0,0,65.47485,0,China
0,0,65.29943,570407,Malaysia
0,0,64.74594,9520,United States
0,0,64.02724,56859,Argentina
0,0,63.81953,10442,New Zealand
0,0,63.47818,7121,India
0,0,62.86592,9073,Nepal
0,0,62.40501,14927,India
0,0,62.26908,9813,Canada
3,0,61.88623,9073,Nepal
0,0,61.80149,198239,Malaysia
3,0,61.75306,48901,Brazil
0,0,61.58495,282431,Indonesia
0,0,61.46874,1706,Canada
0,0,61.30122,75996,New Zealand
0,0,61.21328,14596,Fiji
5,0,61.01695,23416,Nepal
0,0,60.8421,7121,India
0,0,60.78938,19294,Malaysia
0,0,60.73492,10442,New Zealand
0,0,60.49993,0,China
1,0,60.47069,9073,Nepal
0,0,60.26228,77366,Fiji
5,0,60.02544,91136,China
5,0,59.99456,91136,China
0,0,59.90474,57342,Myanmar (Burma)
0,0,59.1509,1347,United States
0,0,58.93051,61696,New Zealand
12,0,58.84724,13893,India
7,0,58.78543,0,Uganda
3,0,58.68817,9073,Nepal
0,0,58.65704,2564,Australia
1,0,58.63636,1464,Nepal
0,0,58.34526,0,India
0,0,57.69671,14596,Fiji
0,0,57.67771,3112,United States
0,0,57.4808,0,Kyrgyzstan
0,0,57.40674,2868,United States
0,0,56.98472,61696,New Zealand
4,0,56.91338,1442271,Nepal
0,0,56.82665,2324,Canada
0,0,56.79739,10442,New Zealand
10,0,56.58568,47778,Indonesia
2,0,56.57483,0,Indonesia
0,0,56.14398,0,Pakistan
11,0,56.12845,14182,India
0,0,56.06982,34274,New Zealand
3,4,55.79904,0,China
0,0,55.61095,0,Pakistan
0,0,55.60925,1651,New Zealand
0,0,55.57051,4163,Canada
0,0,55.37397,0,China
2,0,55.18512,0,China
0,0,1.5755,456456,Brazil
5,0,55.11378,0,Nepal
0,0,54.90196,6315,Nicaragua
0,0,54.62488,131016,Myanmar (Burma)
0,4,54.26564,1099,United States
0,0,53.28492,9813,Canada
7,0,53.18462,0,Philippines
0,0,53.09678,2552,United States
0,0,53.05172,223523,India
0,0,52.95616,1464,Nepal
1,0,52.89631,9073,Nepal
0,0,52.89049,1148,Canada
0,0,52.64616,0,India
0,0,52.25966,2868,United States
0,0,52.11489,4885,United States
0,0,52.09053,0,Pakistan
0,0,52.08889,18425,India
0,0,52.06368,63138,Canada
5,0,52.05259,44632,Nepal
0,0,51.9675,3907,Canada
0,0,51.84125,88311,Colombia
1,0,51.67596,1442271,Nepal
6,4,51.64464,90894,Burma
0,0,51.55941,1271,United States
0,0,51.54051,4688,United States
0,0,51.51564,61696,New Zealand
2,0,51.43221,60819,Bolivia
0,0,51.27342,1073,Kenya
0,0,50.81413,1347,New Zealand
0,0,50.69023,2454,Canada
0,0,50.6504,1099,United States
5,0,50.58,0,Indonesia
13,0,50.25415,0,Nepal
7,0,50.21741,7309,Ecuador
0,0,49.74691,44632,Nepal
0,0,49.59488,13838,India
0,0,49.4241,1191,United States
0,0,49.3187,47920,Myanmar (Burma)
0,0,49.30174,2005,Pakistan
3,0,49.07021,20553,India
0,0,49.04189,1217,United Kingdom
5000,0,48.96196,2000,India
0,0,48.84582,44632,Nepal
0,2,48.70829,44632,Nepal
0,0,48.67682,2000,India
0,0,48.67682,2000,India
5,0,48.27049,0,China
0,0,48.13411,10442,New Zealand
36,0,48.13191,52005,Bangladesh
13,0,48.10162,0,Myanmar (Burma)
0,0,47.92484,132842,India
0,0,47.84343,3401,New Zealand
0,0,47.70679,7121,India
0,0,47.68123,0,India
7,0,47.58866,0,Nepal
0,0,47.40742,223523,India
0,0,47.34817,0,Pakistan
0,0,47.30334,223523,India
0,0,47.20988,1021,United States
0,0,47.04689,1495,India
0,0,47.00022,7656,United States
0,0,46.99991,0,Tibet
0,0,46.99483,392288,Malaysia
7,0,46.77007,23687,Ecuador
0,0,46.70473,61696,New Zealand
6,0,46.60337,0,Nepal
0,0,46.46354,132842,India
0,0,46.37081,12874,United States
0,0,46.36778,223523,India
15,0,46.3149,90894,Myanmar (Burma)
0,0,46.27205,1041,Canada
13,0,45.94088,2571,India
5,0,45.86906,22903,Nepal
1,0,45.7667,76255,Papua New Guinea
0,0,45.69792,26582,Ecuador
0,0,45.68706,91136,China
2,0,45.68005,15855,Malaysia
0,0,45.59743,14596,Fiji
0,0,45.59728,3532,United States
6,0,45.49995,0,China
0,0,45.49031,4157,India
5,0,45.47475,0,Afghanistan
0,0,45.4148,7176,India
0,0,45.33486,7176,India
0,0,45.24129,92113,India
3,0,45.02017,9073,Nepal
0,0,45.01051,0,Nepal
0,0,44.8459,3532,United States
4,0,44.70334,1054,Papua New Guinea
3,0,44.5643,0,Nepal
0,0,44.45488,1495,India
0,0,44.34393,7176,India
0,0,44.26251,485,United States
0,0,44.18956,4428,New Zealand
0,0,44.14758,37475,India
0,0,42.03089,12871,India
8,0,44.03804,5026,Nepal
0,0,43.86029,7176,India
0,0,43.81566,15582,Australia
0,0,43.72365,20908,Nepal
0,0,43.67228,0,India
8,0,43.60693,249219,Brazil
1,0,43.53546,223523,India
0,0,43.48816,54386,Myanmar (Burma)
14,0,43.27711,2324,Nepal
24,0,43.27123,0,China
0,0,43.21585,44632,Nepal
5,0,43.1759,64468,India
0,0,43.1716,228212,Malaysia
0,0,43.16422,17123,India
0,0,43.16287,12871,India
1,0,43.13552,12272,Brazil
0,0,43.11128,12871,India
0,0,43.03855,14927,India
0,0,42.88068,8767,Nepal
0,0,42.81245,3532,United States
0,0,42.80947,0,China
0,0,42.70454,8797,India
0,0,42.60033,16330,United States
1,0,42.26835,0,Indonesia
0,0,42.21282,6127,Australia
28,0,42.08436,0,Indonesia
0,0,42.04851,0,China
0,0,41.98041,12874,United States
0,0,41.9374,0,China
0,0,41.90996,14182,India
0,0,41.89885,27949,Fiji
0,0,41.87711,0,China
0,0,41.86174,37475,India
0,0,41.69882,1094,United States
0,0,41.63737,105622,Malaysia
0,0,41.62945,2151,New Zealand
0,0,41.54001,2991,United States
1,0,41.4973,0,Kyrgyzstan
0,0,41.47439,3068,United States
0,0,41.44299,4407,United States
0,0,41.41265,8341,India
0,0,41.40142,12874,United States
0,0,41.28432,23296,Nepal
0,0,41.26849,25758,India
0,0,41.25917,3532,United States
0,0,41.15433,2005,Pakistan
10,0,41.02145,0,China
6,0,41.00006,44632,Nepal
9,0,40.97918,22903,Nepal
0,0,40.81927,0,Nepal
0,0,40.81788,0,Nepal
0,0,40.80879,2571,India
0,0,40.71672,12871,India
0,0,40.70609,14206,United States
0,0,40.69771,3250,Nepal
0,0,40.47829,21882,North Korea
0,0,40.42735,223523,India
12,2,40.41216,0,Nepal
0,0,40.22275,0,Nepal
0,0,40.08056,92113,India
0,0,40.07703,1495,India
0,0,40.0566,92113,India
0,0,40.05006,0,Pakistan
0,0,40.02455,4038,Canada
0,0,39.73504,17103,India
0,0,39.70921,223523,India
0,0,39.68219,9073,Nepal
0,0,39.51186,15118,India
0,0,39.51186,15118,India
18,0,39.5076,0,Indonesia
0,0,39.43196,20908,Nepal
0,0,39.42373,1886,United Kingdom
0,0,39.35619,485,United States
0,0,39.34633,107157,Nepal
6,0,39.27253,20908,Nepal
5,2,39.26988,251900,China
0,0,39.23944,1886,United Kingdom
0,0,39.22402,4885,United States
0,0,39.1725,13399,Australia
0,0,39.14705,14206,United States
4,0,39.06811,0,Indonesia
0,0,39.02032,1495,India
19,0,38.93001,20679,Ethiopia
0,0,38.70779,12562,Australia
0,0,38.63928,4407,United States
0,0,38.60274,1137,United States
0,0,38.59986,42284,Fiji
3,0,38.58572,2571,India
0,0,38.5554,7528,India
0,0,38.53823,1045,United States
0,0,38.53587,56859,Chile
0,0,38.51851,4038,Canada
0,0,38.50248,5046,United States
0,0,38.48948,5993,Australia
0,0,38.48521,485,United States
2,0,38.43651,13865,India
0,0,38.38512,4348,United States
0,0,38.37584,3962,India
0,0,38.28601,1045,United States
10,0,38.28278,0,Nepal
0,0,38.27504,485,United States
0,0,38.25954,0,Nepal
0,0,38.06464,228212,Malaysia
4,3,38.03153,0,China
10,0,37.86243,23416,Nepal
0,0,37.85497,76255,Indonesia
0,0,37.78098,2324,Canada
12,0,37.72818,0,China
0,0,37.59933,9232,United Kingdom
5,0,37.59576,0,China
0,0,37.5595,0,Nepal
3,0,37.48857,18652,Brazil
0,0,37.34675,14305,Nigeria
0,0,37.34675,14305,Nigeria
0,0,37.17407,13000,New Zealand
0,0,37.15519,1191,United States
0,0,37.11379,5858,United States
0,0,37.06023,19599,Taiwan
0,0,37.04628,17123,India
4,0,36.97843,0,Nepal
0,0,36.94258,7331,India
0,0,36.91599,455173,Indonesia
4,0,36.88261,10889,Brazil
6,0,1.08737,0,China
0,0,36.791,31495,Nepal
0,0,36.77667,7331,India
2,1,36.75939,0,Nepal
0,0,36.71662,26550,New Zealand
2,0,36.6114,0,China
0,0,36.50141,1965,United States
0,0,36.37629,1441,Honduras
1,1,36.36715,32523,Bangladesh
39,0,36.32067,71578,Japan
0,0,36.23231,1137600,China
0,0,36.15885,0,Nepal
0,0,36.14855,1546,Australia
0,0,36.13089,4537,Australia
0,0,36.10002,22903,Nepal
0,0,36.09995,223523,India
4,0,36.09394,0,India
0,0,36.08008,31495,Nepal
0,0,36.06463,2324,Nepal
0,0,36.04819,0,Nepal
2,0,36.03051,0,India
0,0,35.98906,48629,Myanmar (Burma)
0,0,35.98308,1965,United States
0,0,35.97774,1690,Iceland
16,0,35.89198,0,Laos
0,0,35.81177,23296,Nepal
14,0,35.78457,9152,Kenya
0,0,35.76707,15000,Chile
0,0,35.65711,2192,Canada
0,0,35.60787,23296,Nepal
0,0,35.58303,31978,India
2,0,35.52835,223523,India
5,0,35.51391,0,Myanmar
0,0,35.502,61696,New Zealand
0,0,35.48545,0,Pakistan
8,0,35.46494,27686,Madagascar
0,0,35.44437,77366,Fiji
0,0,35.34908,3532,United States
0,0,35.34908,3532,United States
0,0,35.30636,0,Vietnam
0,0,35.28743,0,Nepal
4,0,35.22153,253788,Bangladesh
0,0,35.1654,0,Pakistan
0,0,35.10781,0,India
0,0,35.10224,1073,Kenya
0,0,35.00505,1035,Nepal
0,0,34.98625,23693,Nepal
0,0,34.98416,27949,Fiji
1,0,34.92794,7331,India
9,0,34.84868,23693,Nepal
0,0,34.82356,7979,United States
2,0,34.79312,3250,Nepal
0,0,34.79151,26550,New Zealand
0,0,34.74001,61696,New Zealand
1,0,34.59631,7750,India
0,0,34.47722,0,Indonesia
0,0,34.46887,485,United States
7,0,34.4197,23693,Nepal
1,0,34.39049,36061,Kenya
0,0,33.94603,5114,Ecuador
0,0,34.38411,31495,Nepal
0,0,34.35735,7979,United States
0,0,34.34606,17567,Nepal
0,0,34.34606,17567,Nepal
0,0,34.33461,1795,United States
1,0,34.26608,15000,Chile
3,0,34.24094,0,Nepal
0,0,34.24073,0,Taiwan
4,0,34.1929,253788,Bangladesh
8,0,34.17739,92294,Nepal
0,0,34.11263,2370,United States
0,0,34.09967,1795,United States
0,0,34.03805,0,Nepal
0,0,34.03469,17123,India
3,0,33.93016,0,Philippines
3,0,33.91881,0,Nepal
0,0,33.62719,0,Pakistan
0,0,33.58845,19599,Taiwan
0,0,33.56105,5993,Australia
0,0,33.51924,15968,Trinidad and Tobago
0,0,33.49872,5026,India
0,0,33.47473,50293,Ghana
0,0,33.45684,7979,United States
3,0,33.40841,135477,Vietnam
17,0,33.37434,0,China
0,0,33.34168,6318,New Zealand
0,0,33.29411,1347,United States
1,0,33.26413,0,Nepal
0,0,33.23722,19151,Brunei
0,0,33.22845,20908,Nepal
6,4,33.20358,0,China
0,0,33.20312,92113,India
0,0,33.1551,4154,United States
0,0,33.15201,21867,Nepal
0,0,33.10893,15968,Trinidad and Tobago
0,0,33.10893,15968,Trinidad and Tobago
6,0,32.99747,6902,Brazil
0,0,32.99747,6902,Brazil
0,0,32.99063,4052,Australia
0,0,32.96402,5827,Nicaragua
2,0,32.91524,0,Nepal
0,0,32.90326,29331,Pakistan
0,0,32.86511,0,China
0,0,32.7993,22903,Nepal
0,0,32.77401,5827,Nicaragua
26,0,32.75383,92294,Nepal
0,0,32.74684,0,Nepal
0,0,32.73394,8160,India
0,0,32.7157,14206,United States
1,0,32.71144,0,Nepal
0,0,32.71031,0,Nepal
0,0,32.69694,5827,Nicaragua
0,0,32.69153,0,Indonesia
0,0,32.6879,9073,Nepal
60,0,32.67517,92294,Nepal
0,0,32.66456,14206,United States
0,0,32.66264,725000,Pakistan
1,0,32.6464,9813,Canada
6,0,32.54732,253788,Bangladesh
1,0,32.54732,253788,Bangladesh
0,0,32.50156,223523,India
0,0,32.48182,7176,India
0,0,31.24511,5827,Nicaragua
0,0,32.44905,0,Pakistan
0,0,32.43398,8364,India
0,0,32.38063,0,Pakistan
0,0,32.33243,1100,Australia
2,0,32.28507,0,Nepal
0,0,32.22177,21867,Nepal
0,0,32.15868,3068,United States
71,4,32.12708,21407,Mexico
0,0,32.08945,20908,Nepal
0,0,32.04254,10414,Pakistan
0,0,32.0185,18317,Nepal
0,0,32.01702,42284,Fiji
5,0,31.96188,15722,Madagascar
12,3,31.87601,0,China
0,0,31.8401,86685,Rwanda
0,0,31.78115,14206,United States
0,0,31.65457,47587,Sri Lanka
0,0,31.6121,1443,United States
4,0,31.60993,141251,Bolivia
0,0,31.55091,8824,Malawi
1,0,31.54629,107157,Nepal
5,0,31.54629,107157,Nepal
7,0,31.52755,0,Nepal
0,0,31.43287,50206,India
0,0,31.38223,0,China
